22	10673877	10679589	2	2	0	0	1	22
22	10767487	10776619	2	2	0	1	0	31
22	11335508	11344143	2	2	0	0	1	20
22	12544439	12633987	1	1	0	0	2	31
22	15214851	15223853	2	2	0	0	1	26
22	16168027	16188604	2	2	0	0	1	22
22	16611894	16614076	1	1	1	1	0	24
22	16980040	17029153	2	2	0	0	1	14
22	17005901	17029153	2	2	0	0	1	14
22	17212510	17244959	1	1	0	0	1	17
22	17219806	17223616	2	2	0	0	1	28
22	17378127	17378439	1	1	0	1	0	23
22	17447178	17490577	1	1	0	0	1	31
22	17519873	17528617	2	2	0	1	0	18
22	17533103	17544283	1	1	0	0	1	12
22	17537780	17583730	1	1	0	0	1	16
22	17569286	17597954	1	3	0	0	1	27
22	18017357	18055025	1	1	0	0	1	29
22	18027814	18039684	1	1	0	1	0	20
22	18049275	18055025	1	1	0	0	1	29
22	18104397	18149325	2	2	0	0	1	13
22	18354174	18392747	1	1	0	0	1	18
22	18526183	18554177	1	1	0	1	0	12
22	19105247	19141912	2	2	0	0	1	25
22	19315237	19322743	1	1	0	0	1	16
22	19421080	19466571	2	2	0	0	1	16
22	19425766	19466571	2	2	0	0	1	16
22	19932036	19951233	2	2	0	0	1	17
22	20073135	20078119	1	1	0	0	1	14
22	20562516	20573099	2	2	0	0	1	25
22	20705769	20722435	2	2	0	0	1	16
22	20881486	20910545	2	2	0	1	0	28
22	21533896	21540303	2	2	0	0	1	24
22	22505339	22510901	1	1	0	0	1	23
22	23142564	23146434	2	2	0	0	1	18
22	23146461	23194660	2	2	0	0	1	19
22	23163043	23191063	2	2	0	1	0	21
22	23423954	23427361	1	1	0	0	1	19
22	23491782	23516159	1	1	0	0	1	26
22	23615143	23618942	1	1	0	0	1	29
22	23903628	23907649	2	6	0	0	1	12
22	24110046	24135264	2	2	0	0	1	15
22	24545797	24546154	1	1	0	0	1	20
22	24560540	24570913	1	1	0	1	0	29
22	24777102	24788850	1	1	0	0	1	24
22	24782232	24788847	2	2	0	0	1	27
22	24815649	24851004	1	1	0	0	1	26
22	24816641	24852678	1	1	0	0	1	28
22	24883041	24899664	1	1	0	0	1	23
22	24987365	25009775	1	1	0	1	0	24
22	25006282	25011885	2	2	0	0	1	29
22	25033722	25052859	1	1	0	0	1	17
22	25286187	25325991	1	1	0	0	1	28
22	25441613	25464615	1	1	0	0	1	29
22	25700834	25735576	2	2	0	0	1	22
22	26323537	26329371	1	1	0	0	1	22
22	27123542	27144900	2	2	0	0	1	24
22	27519698	27532647	2	2	0	0	1	21
22	27522270	27532647	2	2	0	0	1	21
22	27932063	27944904	2	2	0	0	1	13
22	28101433	28118273	2	2	0	0	1	14
22	28168702	28196317	2	2	0	0	2	22
22	28168702	28214160	2	2	0	0	2	22
22	28648010	28663033	1	1	0	0	1	30
22	28708733	28723367	1	1	0	0	1	28
22	28723473	28741024	2	2	0	1	0	18
22	28757256	28759094	1	1	0	0	1	23
22	28777261	28783276	1	1	0	0	1	15
22	28778390	28820651	2	2	0	1	0	28
22	28847651	28859015	2	2	0	1	0	24
22	28902080	28919649	1	1	0	0	1	26
22	29117337	29133017	1	1	0	0	1	22
22	29139735	29161468	2	2	0	0	1	23
22	29222585	29263360	1	1	0	0	1	21
22	29241570	29263360	1	1	0	0	1	21
22	29263226	29263360	1	1	0	0	1	21
22	29378645	29383495	1	1	0	0	1	30
22	29439504	29457061	1	1	0	0	1	22
22	29614229	29614363	1	1	0	1	0	18
22	29791157	29808900	2	2	0	0	1	20
22	29841090	29877585	2	2	0	1	0	31
22	29862976	29898070	1	1	0	0	1	17
22	30087092	30125458	2	2	0	0	1	12
22	30109184	30126330	2	4	0	0	1	18
22	30117740	30125458	2	2	0	0	1	12
22	30341687	30367462	2	2	0	1	0	16
22	30385049	30394474	1	1	0	0	1	17
22	30506059	30512920	1	1	0	0	1	22
22	30608621	30621714	2	2	0	0	1	21
22	30686008	30700196	2	2	0	0	1	27
22	30687929	30700196	2	2	0	0	1	27
22	30846235	30854396	2	2	0	0	1	17
22	31021462	31030585	2	2	0	0	1	25
22	31129163	31129772	2	2	0	0	1	28
22	31174839	31217170	1	1	0	0	1	25
22	31190479	31221676	1	1	0	0	1	25
22	31552890	31598838	1	3	0	0	1	16
22	31560894	31580734	1	1	0	0	1	13
22	31644399	31690075	2	2	0	0	1	21
22	31651195	31687266	2	2	0	1	0	26
22	32526598	32563751	2	2	0	0	1	29
22	32966777	32972706	1	1	0	0	1	12
22	32966791	32989562	2	2	0	0	1	26
22	33069968	33106638	1	3	0	0	1	30
22	33100915	33102565	2	2	0	1	0	16
22	33371770	33386888	1	1	0	0	1	24
22	33417002	33463767	1	1	0	0	1	26
22	33585944	33594851	2	2	0	1	0	26
22	33623905	33630073	2	4	0	0	1	21
22	33949008	33985416	1	1	0	0	1	27
22	35366972	35385936	1	1	0	0	1	19
22	35382850	35396315	1	1	0	0	1	20
22	35382850	35409156	1	1	0	0	1	20
22	35384333	35428270	2	2	0	0	1	22
22	35428164	35445652	1	1	0	0	1	26
22	35465881	35481838	1	1	0	0	1	18
22	35646397	35674010	1	1	0	0	1	22
22	35707031	35724705	1	1	0	0	1	22
22	35720841	35724705	1	1	0	0	1	22
22	35722398	35724705	1	1	0	0	1	22
22	35804020	35821341	2	2	0	0	1	24
22	36079778	36080882	1	1	0	0	1	20
22	36093232	36094738	2	4	0	0	1	15
22	36093258	36111037	2	4	0	0	1	22
22	36108071	36118505	1	1	0	1	0	24
22	36358153	36402685	2	4	0	0	1	29
22	36392266	36413816	1	1	0	0	1	31
22	36402712	36416656	2	2	0	0	1	17
22	36416147	36416487	2	2	0	0	1	12
22	36416355	36416656	2	2	0	0	1	17
22	37647771	37662036	1	1	0	0	1	24
22	37703139	37720152	1	1	0	0	1	26
22	37768737	37791684	1	1	0	1	0	24
22	37789846	37801331	2	4	0	0	1	13
22	37840344	37882787	1	1	0	0	1	21
22	37868561	37912768	2	2	0	0	1	20
22	37937616	37979289	1	1	0	0	1	18
22	37978969	37979289	1	1	0	0	1	18
22	38149712	38158967	1	1	0	0	1	22
22	38167151	38174320	2	2	0	0	1	16
22	38184526	38209743	1	1	0	0	1	17
22	38275333	38324501	1	1	0	0	1	14
22	38322395	38329834	1	1	0	0	1	19
22	38551028	38593289	1	1	0	0	1	12
22	38553126	38577736	1	1	0	1	0	20
22	38575107	38580860	2	2	0	0	1	18
22	38609024	38615253	2	2	0	0	1	26
22	38905834	38909057	2	2	0	0	1	21
22	38905834	38942601	2	2	0	0	1	21
22	38939774	38942601	2	2	0	0	1	21
22	38978859	39003063	1	1	0	0	1	27
22	39010258	39049818	1	1	0	0	1	19
22	39163396	39208937	1	1	0	0	1	29
22	39300921	39307613	2	2	0	1	0	25
22	39387957	39394716	1	1	0	0	1	13
22	39539430	39572851	1	1	0	0	1	31
22	39549065	39572851	1	1	0	0	1	31
22	40054121	40073972	1	1	0	1	0	27
22	40908073	40913296	1	1	0	0	1	31
22	40919295	41013206	2	2	0	0	2	22
22	40957133	40974806	1	1	0	0	1	22
22	40980514	41023694	2	2	0	1	0	17
22	41007605	41027324	2	2	0	0	1	27
22	41007605	41042172	2	2	0	0	1	30
22	41007605	41047483	2	2	0	0	1	27
22	41037991	41066206	2	2	0	0	1	24
22	41247249	41258846	1	1	0	0	1	20
22	41254742	41291667	1	1	0	0	1	22
22	41323929	41336521	1	3	0	0	1	19
22	41392449	41437724	1	1	0	0	1	26
22	41401475	41437724	1	1	0	0	1	26
22	41540560	41585552	2	4	0	0	1	16
22	41588133	41591232	2	2	0	0	1	12
22	41625088	41645082	2	2	0	0	1	25
22	41625093	41656307	1	1	0	0	1	20
22	41633002	41665808	2	2	0	1	0	26
22	41712471	41733016	1	1	0	0	1	29
22	41924888	41950927	1	1	0	0	1	24
22	42045179	42064380	2	2	0	0	1	22
22	42616068	42655441	2	2	0	0	1	26
22	42651945	42675608	2	2	0	0	1	30
22	43020048	43024872	1	1	0	0	4	27
22	43020048	43032480	1	1	0	0	3	27
22	43052509	43096086	1	1	0	0	1	22
22	43062611	43067752	2	2	0	0	1	29
22	43076615	43096179	1	1	0	0	1	29
22	43082783	43096086	1	1	0	0	1	22
22	43547669	43573634	1	1	0	0	1	20
22	43940596	43940925	1	1	0	1	0	26
22	44037327	44079831	1	1	0	1	0	27
22	44110878	44120986	1	3	0	0	1	14
22	44649819	44688202	1	1	0	0	1	29
22	44663041	44691560	1	1	0	1	0	24
22	44684362	44688202	1	1	0	0	1	29
22	45059868	45079103	2	2	0	0	1	22
22	45120397	45152935	2	2	0	0	1	22
22	45121709	45126064	2	2	0	0	1	13
22	45550616	45558070	1	1	1	1	0	5
22	46625109	46669827	2	2	0	1	0	28
22	46713274	46737062	1	1	0	0	1	27
22	47110338	47119007	1	1	0	0	1	23
22	48437401	48443185	2	2	0	0	1	27
22	49059273	49066457	1	1	0	1	0	23
22	49669890	49670041	2	2	0	0	1	16
22	49835050	49843819	1	1	0	0	1	24
22	49878087	49924913	2	2	0	1	0	15
22	50116905	50128020	2	2	0	0	1	24
22	50123479	50128020	2	2	0	0	1	24
22	50322800	50369754	2	2	0	0	1	24
22	50335341	50352072	1	1	0	0	1	22
22	50354613	50390785	1	1	0	0	1	18
22	50359450	50372919	2	2	0	0	1	31
22	50453528	50501383	2	2	0	0	1	19
22	50515674	50553858	1	1	0	0	1	18
22	50785294	50798654	1	1	1	1	0	13
22	50791304	50798654	1	1	0	1	0	22
