22	11024321	11052209	1	1	0	1	0	23
22	15214851	15223853	2	2	0	0	1	29
22	15902296	15939299	1	1	0	0	1	16
22	16614179	16614698	1	1	1	1	0	3
22	17132773	17137005	2	2	0	1	0	20
22	17187200	17230940	1	1	0	0	1	16
22	17227759	17255204	1	1	0	0	1	30
22	17421251	17421384	1	1	0	1	0	20
22	17447178	17449632	1	1	0	0	1	23
22	17568633	17603028	2	2	0	0	1	26
22	17572557	17618445	1	1	0	0	1	18
22	17576123	17614425	1	3	0	0	1	30
22	17588554	17614575	1	1	0	0	1	27
22	17647312	17649298	1	1	0	0	1	15
22	17677950	17690229	1	1	0	0	1	21
22	18006763	18011477	1	1	0	0	1	20
22	18052895	18052944	1	1	0	0	1	26
22	18052895	18053102	1	1	0	0	1	26
22	18089856	18097417	2	2	0	1	0	30
22	18562912	18570416	1	1	0	0	1	23
22	18567798	18580297	1	1	0	0	1	19
22	18569386	18580297	1	1	0	0	1	19
22	18938945	18947084	1	1	0	1	0	29
22	19105247	19141912	2	2	0	1	0	15
22	19315237	19322743	1	1	0	1	0	28
22	19528803	19545094	2	2	0	0	1	14
22	19533459	19561320	2	2	0	0	1	18
22	19562306	19596435	2	2	0	1	0	28
22	19583895	19624375	1	1	0	0	1	17
22	19601349	19624375	1	1	0	0	1	17
22	19654624	19677021	1	1	0	0	1	27
22	20485650	20501653	2	2	0	0	1	19
22	20723480	20731711	2	2	0	0	1	25
22	20737791	20757702	2	2	0	0	1	29
22	20811936	20849776	2	2	0	0	1	18
22	20816702	20856005	1	1	0	0	1	12
22	21064862	21090569	1	1	0	0	1	25
22	21125292	21162786	1	1	0	0	1	14
22	21408908	21458229	2	2	0	0	1	18
22	21425826	21457947	2	4	0	0	1	19
22	21458080	21458390	2	2	0	0	1	23
22	21460936	21465025	2	2	0	1	0	29
22	21525886	21563395	2	2	0	0	1	25
22	21644875	21646048	1	1	0	0	1	26
22	21720721	21750871	2	2	0	0	1	20
22	21741054	21750871	2	2	0	0	1	20
22	21771046	21799834	2	2	0	0	1	30
22	21809893	21842223	2	2	0	0	1	28
22	21813762	21821855	2	2	0	0	1	26
22	21864433	21881132	2	2	0	0	1	27
22	21870671	21911462	1	1	0	0	1	25
22	21879142	21899590	1	1	0	1	0	31
22	22232507	22255789	1	1	0	1	0	22
22	22478041	22518157	2	2	0	0	1	25
22	22581846	22616141	2	2	0	0	1	25
22	22624148	22659597	2	2	0	0	1	25
22	23294483	23336379	2	2	0	1	0	13
22	23296249	23320864	2	2	0	1	0	27
22	23320611	23321230	2	2	0	0	1	17
22	23344560	23350853	2	2	0	0	1	14
22	23717886	23761924	1	1	0	0	1	21
22	24209316	24254819	1	1	0	0	1	17
22	24714072	24723864	1	1	0	0	1	31
22	24890205	24909704	2	2	0	0	1	22
22	24958432	24998501	2	2	0	0	1	28
22	24965284	24993948	1	1	0	0	1	28
22	25060414	25104209	2	2	0	1	0	24
22	25115897	25116192	2	2	0	0	1	17
22	25272152	25306510	1	1	0	0	1	23
22	25531302	25579615	1	1	0	1	0	28
22	25732417	25756105	1	1	0	0	1	23
22	26243932	26266329	1	1	0	0	1	19
22	26323537	26370907	1	1	0	0	1	27
22	26441246	26456429	1	1	0	0	1	17
22	26615580	26656390	2	2	0	0	1	23
22	27830575	27844099	2	2	0	0	1	27
22	28166324	28193936	2	2	0	0	1	22
22	28166324	28211780	2	2	0	0	1	22
22	28491325	28512013	2	2	0	0	1	17
22	28528672	28537228	1	1	0	0	1	18
22	28598368	28633138	1	1	0	0	1	18
22	28651983	28682859	1	1	0	0	1	21
22	28713763	28724648	2	2	0	0	1	15
22	28739516	28746206	2	2	0	0	1	26
22	28745448	28763100	1	3	0	0	1	30
22	28784816	28798654	1	3	0	0	1	23
22	28822504	28851835	2	2	0	0	1	26
22	28888881	28892930	1	1	0	0	1	31
22	29087820	29094878	2	4	0	0	1	26
22	29160318	29164532	1	1	0	0	1	27
22	29424055	29462337	2	2	0	0	1	22
22	29453427	29457125	1	1	0	1	0	13
22	29542694	29589558	1	1	0	1	0	28
22	29569660	29577340	2	2	0	0	1	21
22	29619479	29624289	2	2	0	0	1	25
22	29736545	29772944	2	2	0	0	1	24
22	29757844	29773835	2	2	0	0	1	24
22	29847052	29852600	2	2	0	0	1	29
22	30300324	30348382	2	2	0	0	1	26
22	30396499	30440818	2	2	0	0	1	31
22	30533524	30543159	2	2	0	0	1	15
22	30645470	30691059	2	2	0	0	1	26
22	30710122	30724456	1	1	0	0	1	17
22	31010127	31050530	2	2	0	0	1	30
22	31013714	31052695	2	2	0	0	1	12
22	31061449	31070692	1	1	0	0	1	25
22	31063546	31071186	1	1	0	0	1	19
22	31171891	31180387	2	2	0	0	1	22
22	31272306	31318802	2	2	0	0	1	29
22	31309185	31318802	2	2	0	0	1	29
22	31366922	31383489	2	2	0	0	1	23
22	31366922	31401404	2	2	0	0	1	23
22	31371761	31416536	2	2	0	0	1	30
22	31380009	31385747	1	1	0	0	1	26
22	31507862	31541540	1	1	0	0	1	30
22	31508006	31524131	1	1	0	0	1	16
22	31527024	31539841	1	1	0	0	1	25
22	31612303	31648589	2	2	0	0	1	24
22	31725900	31774854	2	2	0	0	1	25
22	31751556	31774854	2	2	0	0	1	25
22	31759250	31781611	1	1	0	0	1	28
22	31767663	31774854	2	2	0	0	1	25
22	31775427	31788526	2	2	0	0	1	29
22	31792465	31816158	1	1	0	0	1	18
22	31864351	31889782	2	2	0	0	1	26
22	31979713	32008430	2	2	0	0	1	20
22	31979713	32011219	2	2	0	0	1	20
22	32118984	32126781	2	2	0	0	1	20
22	32118984	32131355	2	2	0	0	1	20
22	32118984	32148403	2	2	0	0	1	20
22	32526659	32545703	1	1	0	1	0	19
22	32956238	32980936	2	2	0	0	1	24
22	32992595	33008695	2	2	0	1	0	29
22	33105141	33106638	1	1	0	0	2	22
22	33138339	33172205	2	2	0	1	0	21
22	33154471	33164748	2	2	0	1	0	27
22	33169805	33201261	2	2	0	0	1	19
22	33764527	33779548	1	1	0	0	1	15
22	33789939	33830861	1	1	0	1	0	16
22	33955608	33981575	2	4	0	0	1	30
22	34202898	34343670	1	1	0	0	3	22
22	34668211	34678027	2	2	0	0	1	15
22	34748344	34793765	2	2	0	0	1	27
22	35160835	35192046	2	2	0	0	1	31
22	35283665	35313221	2	2	0	0	1	27
22	35308518	35357225	1	1	0	0	1	27
22	35436090	35440979	2	2	0	1	0	22
22	35444015	35470119	1	1	0	0	1	12
22	35909739	35951080	1	1	0	1	0	28
22	36340430	36350306	1	1	0	0	1	30
22	36343484	36361870	1	1	0	0	1	15
22	36508199	36591261	2	2	0	1	1	24
22	36601589	36623115	1	1	0	0	1	22
22	36811102	36848602	2	2	0	0	1	24
22	36956194	36975228	1	1	0	0	1	28
22	37580566	37603804	2	2	0	0	1	27
22	37584941	37603804	2	2	0	0	1	27
22	37684833	37708523	2	2	0	0	1	23
22	37690144	37708523	2	2	0	0	1	23
22	37834602	37879398	1	1	0	0	1	22
22	37856780	37875313	1	1	0	0	1	22
22	37900567	37928138	2	2	0	0	1	25
22	37909285	37928138	2	2	0	0	1	25
22	38094377	38114377	1	1	0	0	1	30
22	38238407	38267614	1	1	0	0	1	29
22	38259864	38276847	2	2	0	0	1	30
22	38259864	38284945	2	2	0	0	1	30
22	38279466	38284945	2	2	0	0	1	30
22	38495478	38514474	2	2	0	1	0	23
22	38520569	38550524	1	3	0	0	1	18
22	38621118	38649346	2	2	0	0	1	29
22	38648537	38649797	1	1	0	0	1	15
22	38748237	38839567	2	2	0	0	2	17
22	39056577	39066376	1	3	0	1	0	29
22	39326102	39354729	2	2	0	0	1	18
22	39372227	39403733	1	1	0	0	1	15
22	39825971	39827110	1	1	0	0	1	24
22	40054121	40073972	1	1	0	1	0	30
22	40074015	40119530	1	1	0	1	0	24
22	40104038	40149453	1	1	0	0	1	22
22	40155520	40185221	2	2	0	1	0	31
22	40176376	40185237	2	2	0	0	1	15
22	40286382	40295348	2	2	0	1	0	22
22	40317501	40343983	2	2	0	0	1	17
22	40455619	40476116	2	2	0	0	1	25
22	40630095	40666026	2	2	0	0	1	26
22	40630100	40639536	1	1	0	0	1	31
22	40660110	40676107	2	2	0	1	0	19
22	40796514	40833745	2	2	0	0	1	27
22	40890311	40913907	1	3	0	0	1	21
22	40912822	40956986	1	1	0	0	1	19
22	40954882	41002222	1	1	0	0	1	22
22	40957133	40974806	1	1	0	0	1	26
22	40962197	41002222	1	1	0	1	0	23
22	40971788	41002769	2	2	0	1	0	31
22	40998268	40999803	2	2	0	0	1	27
22	41010242	41028546	1	1	0	1	0	21
22	41033928	41071851	2	2	0	0	1	22
22	41090318	41134989	2	2	0	0	1	17
22	41296429	41341845	2	2	0	0	1	14
22	41309243	41310997	2	2	0	0	1	16
22	41376380	41424116	1	1	0	1	0	22
22	41630115	41649297	1	1	0	0	1	28
22	41645191	41679311	2	2	0	0	1	19
22	41788633	41790784	1	1	0	0	1	26
22	41974092	42018078	1	1	0	0	1	15
22	42040007	42072251	1	1	0	0	1	25
22	42040318	42072251	1	1	0	0	1	25
22	42138947	42138987	1	1	0	1	0	27
22	42232613	42253863	1	1	0	0	1	31
22	42393620	42423921	1	1	0	0	1	26
22	42560061	42593767	2	2	0	0	1	21
22	42664742	42706313	2	2	0	0	1	29
22	42740343	42757399	1	1	0	0	1	30
22	42996124	42996435	1	1	0	0	1	21
22	43089997	43091613	1	1	0	0	1	30
22	43094968	43096179	1	1	0	1	0	12
22	43102286	43108331	1	1	0	0	1	20
22	43375779	43396282	1	1	0	0	1	22
22	44388022	44426223	1	1	0	0	1	24
22	44510306	44531418	2	2	0	1	1	18
22	44806740	44851977	1	1	0	0	1	13
22	44850900	44867218	1	1	0	0	1	18
22	44852128	44867218	1	1	0	0	1	18
22	44978595	45015478	1	1	0	0	1	16
22	45412448	45416708	2	2	0	0	1	22
22	45479047	45492753	2	2	0	0	1	22
22	45550616	45558070	1	1	1	1	0	5
22	46386849	46415244	1	1	0	0	1	25
22	46504299	46505965	1	1	0	0	1	22
22	47947972	47975036	1	1	0	0	1	25
22	48026259	48030546	2	2	0	0	1	17
22	48699164	48712287	2	2	0	1	0	27
22	48832086	48863409	2	2	0	0	1	25
22	50023621	50070137	1	1	0	0	1	25
22	50068976	50101760	2	2	0	0	1	29
22	50073637	50081246	1	1	0	0	1	30
22	50081273	50088536	1	1	0	0	1	15
22	50340553	50364718	1	1	0	0	1	14
22	50365503	50391257	2	2	0	0	1	25
22	50376845	50382367	1	1	0	0	1	23
22	50376845	50411814	1	1	0	0	1	23
22	50380592	50427952	2	2	0	0	1	13
22	50385663	50390138	2	2	0	0	1	13
22	50785294	50798654	1	1	1	4	0	26
